%YAML:1.0
---
date:    "Fri Jul 26 23:42:37 2019"
abc:     123
tag:
   rows: 3
   cols: 3
   data: [1,2,3]
set:
   - { x:1, y:2, x:[ 1, 0, 0, 1, 1, 0, 1, 0 ] }
